/*--------------------------------*- C++ -*----------------------------------*\
| =========                 |                                                 |
| \\      /  F ield         | OpenFOAM: The Open Source CFD Toolbox           |
|  \\    /   O peration     | Version:  5.x                                   |
|   \\  /    A nd           | Web:      www.OpenFOAM.org                      |
|    \\/     M anipulation  |                                                 |
\*---------------------------------------------------------------------------*/
FoamFile
{
    version     2.0;
    format      ascii;
    class       faceList;
    location    "constant/polyMesh";
    object      faces;
}
// * * * * * * * * * * * * * * * * * * * * * * * * * * * * * * * * * * * * * //


999
(
4(1 32 156 125)
4(31 155 156 32)
4(124 125 156 155)
4(2 33 157 126)
4(32 156 157 33)
4(125 126 157 156)
4(3 34 158 127)
4(33 157 158 34)
4(126 127 158 157)
4(4 35 159 128)
4(34 158 159 35)
4(127 128 159 158)
4(5 36 160 129)
4(35 159 160 36)
4(128 129 160 159)
4(6 37 161 130)
4(36 160 161 37)
4(129 130 161 160)
4(7 38 162 131)
4(37 161 162 38)
4(130 131 162 161)
4(8 39 163 132)
4(38 162 163 39)
4(131 132 163 162)
4(9 40 164 133)
4(39 163 164 40)
4(132 133 164 163)
4(10 41 165 134)
4(40 164 165 41)
4(133 134 165 164)
4(11 42 166 135)
4(41 165 166 42)
4(134 135 166 165)
4(12 43 167 136)
4(42 166 167 43)
4(135 136 167 166)
4(13 44 168 137)
4(43 167 168 44)
4(136 137 168 167)
4(14 45 169 138)
4(44 168 169 45)
4(137 138 169 168)
4(15 46 170 139)
4(45 169 170 46)
4(138 139 170 169)
4(16 47 171 140)
4(46 170 171 47)
4(139 140 171 170)
4(17 48 172 141)
4(47 171 172 48)
4(140 141 172 171)
4(18 49 173 142)
4(48 172 173 49)
4(141 142 173 172)
4(19 50 174 143)
4(49 173 174 50)
4(142 143 174 173)
4(20 51 175 144)
4(50 174 175 51)
4(143 144 175 174)
4(21 52 176 145)
4(51 175 176 52)
4(144 145 176 175)
4(22 53 177 146)
4(52 176 177 53)
4(145 146 177 176)
4(23 54 178 147)
4(53 177 178 54)
4(146 147 178 177)
4(24 55 179 148)
4(54 178 179 55)
4(147 148 179 178)
4(25 56 180 149)
4(55 179 180 56)
4(148 149 180 179)
4(26 57 181 150)
4(56 180 181 57)
4(149 150 181 180)
4(27 58 182 151)
4(57 181 182 58)
4(150 151 182 181)
4(28 59 183 152)
4(58 182 183 59)
4(151 152 183 182)
4(29 60 184 153)
4(59 183 184 60)
4(152 153 184 183)
4(60 184 185 61)
4(153 154 185 184)
4(32 63 187 156)
4(62 186 187 63)
4(155 156 187 186)
4(33 64 188 157)
4(63 187 188 64)
4(156 157 188 187)
4(34 65 189 158)
4(64 188 189 65)
4(157 158 189 188)
4(35 66 190 159)
4(65 189 190 66)
4(158 159 190 189)
4(36 67 191 160)
4(66 190 191 67)
4(159 160 191 190)
4(37 68 192 161)
4(67 191 192 68)
4(160 161 192 191)
4(38 69 193 162)
4(68 192 193 69)
4(161 162 193 192)
4(39 70 194 163)
4(69 193 194 70)
4(162 163 194 193)
4(40 71 195 164)
4(70 194 195 71)
4(163 164 195 194)
4(41 72 196 165)
4(71 195 196 72)
4(164 165 196 195)
4(42 73 197 166)
4(72 196 197 73)
4(165 166 197 196)
4(43 74 198 167)
4(73 197 198 74)
4(166 167 198 197)
4(44 75 199 168)
4(74 198 199 75)
4(167 168 199 198)
4(45 76 200 169)
4(75 199 200 76)
4(168 169 200 199)
4(46 77 201 170)
4(76 200 201 77)
4(169 170 201 200)
4(47 78 202 171)
4(77 201 202 78)
4(170 171 202 201)
4(48 79 203 172)
4(78 202 203 79)
4(171 172 203 202)
4(49 80 204 173)
4(79 203 204 80)
4(172 173 204 203)
4(50 81 205 174)
4(80 204 205 81)
4(173 174 205 204)
4(51 82 206 175)
4(81 205 206 82)
4(174 175 206 205)
4(52 83 207 176)
4(82 206 207 83)
4(175 176 207 206)
4(53 84 208 177)
4(83 207 208 84)
4(176 177 208 207)
4(54 85 209 178)
4(84 208 209 85)
4(177 178 209 208)
4(55 86 210 179)
4(85 209 210 86)
4(178 179 210 209)
4(56 87 211 180)
4(86 210 211 87)
4(179 180 211 210)
4(57 88 212 181)
4(87 211 212 88)
4(180 181 212 211)
4(58 89 213 182)
4(88 212 213 89)
4(181 182 213 212)
4(59 90 214 183)
4(89 213 214 90)
4(182 183 214 213)
4(60 91 215 184)
4(90 214 215 91)
4(183 184 215 214)
4(91 215 216 92)
4(184 185 216 215)
4(63 94 218 187)
4(186 187 218 217)
4(64 95 219 188)
4(187 188 219 218)
4(65 96 220 189)
4(188 189 220 219)
4(66 97 221 190)
4(189 190 221 220)
4(67 98 222 191)
4(190 191 222 221)
4(68 99 223 192)
4(191 192 223 222)
4(69 100 224 193)
4(192 193 224 223)
4(70 101 225 194)
4(193 194 225 224)
4(71 102 226 195)
4(194 195 226 225)
4(72 103 227 196)
4(195 196 227 226)
4(73 104 228 197)
4(196 197 228 227)
4(74 105 229 198)
4(197 198 229 228)
4(75 106 230 199)
4(198 199 230 229)
4(76 107 231 200)
4(199 200 231 230)
4(77 108 232 201)
4(200 201 232 231)
4(78 109 233 202)
4(201 202 233 232)
4(79 110 234 203)
4(202 203 234 233)
4(80 111 235 204)
4(203 204 235 234)
4(81 112 236 205)
4(204 205 236 235)
4(82 113 237 206)
4(205 206 237 236)
4(83 114 238 207)
4(206 207 238 237)
4(84 115 239 208)
4(207 208 239 238)
4(85 116 240 209)
4(208 209 240 239)
4(86 117 241 210)
4(209 210 241 240)
4(87 118 242 211)
4(210 211 242 241)
4(88 119 243 212)
4(211 212 243 242)
4(89 120 244 213)
4(212 213 244 243)
4(90 121 245 214)
4(213 214 245 244)
4(91 122 246 215)
4(214 215 246 245)
4(215 216 247 246)
4(125 156 280 249)
4(155 279 280 156)
4(248 249 280 279)
4(126 157 281 250)
4(156 280 281 157)
4(249 250 281 280)
4(127 158 282 251)
4(157 281 282 158)
4(250 251 282 281)
4(128 159 283 252)
4(158 282 283 159)
4(251 252 283 282)
4(129 160 284 253)
4(159 283 284 160)
4(252 253 284 283)
4(130 161 285 254)
4(160 284 285 161)
4(253 254 285 284)
4(131 162 286 255)
4(161 285 286 162)
4(254 255 286 285)
4(132 163 287 256)
4(162 286 287 163)
4(255 256 287 286)
4(133 164 288 257)
4(163 287 288 164)
4(256 257 288 287)
4(134 165 289 258)
4(164 288 289 165)
4(257 258 289 288)
4(135 166 290 259)
4(165 289 290 166)
4(258 259 290 289)
4(136 167 291 260)
4(166 290 291 167)
4(259 260 291 290)
4(137 168 292 261)
4(167 291 292 168)
4(260 261 292 291)
4(138 169 293 262)
4(168 292 293 169)
4(261 262 293 292)
4(139 170 294 263)
4(169 293 294 170)
4(262 263 294 293)
4(140 171 295 264)
4(170 294 295 171)
4(263 264 295 294)
4(141 172 296 265)
4(171 295 296 172)
4(264 265 296 295)
4(142 173 297 266)
4(172 296 297 173)
4(265 266 297 296)
4(143 174 298 267)
4(173 297 298 174)
4(266 267 298 297)
4(144 175 299 268)
4(174 298 299 175)
4(267 268 299 298)
4(145 176 300 269)
4(175 299 300 176)
4(268 269 300 299)
4(146 177 301 270)
4(176 300 301 177)
4(269 270 301 300)
4(147 178 302 271)
4(177 301 302 178)
4(270 271 302 301)
4(148 179 303 272)
4(178 302 303 179)
4(271 272 303 302)
4(149 180 304 273)
4(179 303 304 180)
4(272 273 304 303)
4(150 181 305 274)
4(180 304 305 181)
4(273 274 305 304)
4(151 182 306 275)
4(181 305 306 182)
4(274 275 306 305)
4(152 183 307 276)
4(182 306 307 183)
4(275 276 307 306)
4(153 184 308 277)
4(183 307 308 184)
4(276 277 308 307)
4(184 308 309 185)
4(277 278 309 308)
4(156 187 311 280)
4(186 310 311 187)
4(279 280 311 310)
4(157 188 312 281)
4(187 311 312 188)
4(280 281 312 311)
4(158 189 313 282)
4(188 312 313 189)
4(281 282 313 312)
4(159 190 314 283)
4(189 313 314 190)
4(282 283 314 313)
4(160 191 315 284)
4(190 314 315 191)
4(283 284 315 314)
4(161 192 316 285)
4(191 315 316 192)
4(284 285 316 315)
4(162 193 317 286)
4(192 316 317 193)
4(285 286 317 316)
4(163 194 318 287)
4(193 317 318 194)
4(286 287 318 317)
4(164 195 319 288)
4(194 318 319 195)
4(287 288 319 318)
4(165 196 320 289)
4(195 319 320 196)
4(288 289 320 319)
4(166 197 321 290)
4(196 320 321 197)
4(289 290 321 320)
4(167 198 322 291)
4(197 321 322 198)
4(290 291 322 321)
4(168 199 323 292)
4(198 322 323 199)
4(291 292 323 322)
4(169 200 324 293)
4(199 323 324 200)
4(292 293 324 323)
4(170 201 325 294)
4(200 324 325 201)
4(293 294 325 324)
4(171 202 326 295)
4(201 325 326 202)
4(294 295 326 325)
4(172 203 327 296)
4(202 326 327 203)
4(295 296 327 326)
4(173 204 328 297)
4(203 327 328 204)
4(296 297 328 327)
4(174 205 329 298)
4(204 328 329 205)
4(297 298 329 328)
4(175 206 330 299)
4(205 329 330 206)
4(298 299 330 329)
4(176 207 331 300)
4(206 330 331 207)
4(299 300 331 330)
4(177 208 332 301)
4(207 331 332 208)
4(300 301 332 331)
4(178 209 333 302)
4(208 332 333 209)
4(301 302 333 332)
4(179 210 334 303)
4(209 333 334 210)
4(302 303 334 333)
4(180 211 335 304)
4(210 334 335 211)
4(303 304 335 334)
4(181 212 336 305)
4(211 335 336 212)
4(304 305 336 335)
4(182 213 337 306)
4(212 336 337 213)
4(305 306 337 336)
4(183 214 338 307)
4(213 337 338 214)
4(306 307 338 337)
4(184 215 339 308)
4(214 338 339 215)
4(307 308 339 338)
4(215 339 340 216)
4(308 309 340 339)
4(187 218 342 311)
4(310 311 342 341)
4(188 219 343 312)
4(311 312 343 342)
4(189 220 344 313)
4(312 313 344 343)
4(190 221 345 314)
4(313 314 345 344)
4(191 222 346 315)
4(314 315 346 345)
4(192 223 347 316)
4(315 316 347 346)
4(193 224 348 317)
4(316 317 348 347)
4(194 225 349 318)
4(317 318 349 348)
4(195 226 350 319)
4(318 319 350 349)
4(196 227 351 320)
4(319 320 351 350)
4(197 228 352 321)
4(320 321 352 351)
4(198 229 353 322)
4(321 322 353 352)
4(199 230 354 323)
4(322 323 354 353)
4(200 231 355 324)
4(323 324 355 354)
4(201 232 356 325)
4(324 325 356 355)
4(202 233 357 326)
4(325 326 357 356)
4(203 234 358 327)
4(326 327 358 357)
4(204 235 359 328)
4(327 328 359 358)
4(205 236 360 329)
4(328 329 360 359)
4(206 237 361 330)
4(329 330 361 360)
4(207 238 362 331)
4(330 331 362 361)
4(208 239 363 332)
4(331 332 363 362)
4(209 240 364 333)
4(332 333 364 363)
4(210 241 365 334)
4(333 334 365 364)
4(211 242 366 335)
4(334 335 366 365)
4(212 243 367 336)
4(335 336 367 366)
4(213 244 368 337)
4(336 337 368 367)
4(214 245 369 338)
4(337 338 369 368)
4(215 246 370 339)
4(338 339 370 369)
4(339 340 371 370)
4(249 280 404 373)
4(279 403 404 280)
4(250 281 405 374)
4(280 404 405 281)
4(251 282 406 375)
4(281 405 406 282)
4(252 283 407 376)
4(282 406 407 283)
4(253 284 408 377)
4(283 407 408 284)
4(254 285 409 378)
4(284 408 409 285)
4(255 286 410 379)
4(285 409 410 286)
4(256 287 411 380)
4(286 410 411 287)
4(257 288 412 381)
4(287 411 412 288)
4(258 289 413 382)
4(288 412 413 289)
4(259 290 414 383)
4(289 413 414 290)
4(260 291 415 384)
4(290 414 415 291)
4(261 292 416 385)
4(291 415 416 292)
4(262 293 417 386)
4(292 416 417 293)
4(263 294 418 387)
4(293 417 418 294)
4(264 295 419 388)
4(294 418 419 295)
4(265 296 420 389)
4(295 419 420 296)
4(266 297 421 390)
4(296 420 421 297)
4(267 298 422 391)
4(297 421 422 298)
4(268 299 423 392)
4(298 422 423 299)
4(269 300 424 393)
4(299 423 424 300)
4(270 301 425 394)
4(300 424 425 301)
4(271 302 426 395)
4(301 425 426 302)
4(272 303 427 396)
4(302 426 427 303)
4(273 304 428 397)
4(303 427 428 304)
4(274 305 429 398)
4(304 428 429 305)
4(275 306 430 399)
4(305 429 430 306)
4(276 307 431 400)
4(306 430 431 307)
4(277 308 432 401)
4(307 431 432 308)
4(308 432 433 309)
4(280 311 435 404)
4(310 434 435 311)
4(281 312 436 405)
4(311 435 436 312)
4(282 313 437 406)
4(312 436 437 313)
4(283 314 438 407)
4(313 437 438 314)
4(284 315 439 408)
4(314 438 439 315)
4(285 316 440 409)
4(315 439 440 316)
4(286 317 441 410)
4(316 440 441 317)
4(287 318 442 411)
4(317 441 442 318)
4(288 319 443 412)
4(318 442 443 319)
4(289 320 444 413)
4(319 443 444 320)
4(290 321 445 414)
4(320 444 445 321)
4(291 322 446 415)
4(321 445 446 322)
4(292 323 447 416)
4(322 446 447 323)
4(293 324 448 417)
4(323 447 448 324)
4(294 325 449 418)
4(324 448 449 325)
4(295 326 450 419)
4(325 449 450 326)
4(296 327 451 420)
4(326 450 451 327)
4(297 328 452 421)
4(327 451 452 328)
4(298 329 453 422)
4(328 452 453 329)
4(299 330 454 423)
4(329 453 454 330)
4(300 331 455 424)
4(330 454 455 331)
4(301 332 456 425)
4(331 455 456 332)
4(302 333 457 426)
4(332 456 457 333)
4(303 334 458 427)
4(333 457 458 334)
4(304 335 459 428)
4(334 458 459 335)
4(305 336 460 429)
4(335 459 460 336)
4(306 337 461 430)
4(336 460 461 337)
4(307 338 462 431)
4(337 461 462 338)
4(308 339 463 432)
4(338 462 463 339)
4(339 463 464 340)
4(311 342 466 435)
4(312 343 467 436)
4(313 344 468 437)
4(314 345 469 438)
4(315 346 470 439)
4(316 347 471 440)
4(317 348 472 441)
4(318 349 473 442)
4(319 350 474 443)
4(320 351 475 444)
4(321 352 476 445)
4(322 353 477 446)
4(323 354 478 447)
4(324 355 479 448)
4(325 356 480 449)
4(326 357 481 450)
4(327 358 482 451)
4(328 359 483 452)
4(329 360 484 453)
4(330 361 485 454)
4(331 362 486 455)
4(332 363 487 456)
4(333 364 488 457)
4(334 365 489 458)
4(335 366 490 459)
4(336 367 491 460)
4(337 368 492 461)
4(338 369 493 462)
4(339 370 494 463)
4(0 124 155 31)
4(31 155 186 62)
4(62 186 217 93)
4(124 248 279 155)
4(155 279 310 186)
4(186 310 341 217)
4(248 372 403 279)
4(279 403 434 310)
4(310 434 465 341)
4(30 61 185 154)
4(61 92 216 185)
4(92 123 247 216)
4(154 185 309 278)
4(185 216 340 309)
4(216 247 371 340)
4(278 309 433 402)
4(309 340 464 433)
4(340 371 495 464)
4(93 217 218 94)
4(217 341 342 218)
4(341 465 466 342)
4(94 218 219 95)
4(218 342 343 219)
4(342 466 467 343)
4(95 219 220 96)
4(219 343 344 220)
4(343 467 468 344)
4(96 220 221 97)
4(220 344 345 221)
4(344 468 469 345)
4(97 221 222 98)
4(221 345 346 222)
4(345 469 470 346)
4(98 222 223 99)
4(222 346 347 223)
4(346 470 471 347)
4(99 223 224 100)
4(223 347 348 224)
4(347 471 472 348)
4(100 224 225 101)
4(224 348 349 225)
4(348 472 473 349)
4(101 225 226 102)
4(225 349 350 226)
4(349 473 474 350)
4(102 226 227 103)
4(226 350 351 227)
4(350 474 475 351)
4(103 227 228 104)
4(227 351 352 228)
4(351 475 476 352)
4(104 228 229 105)
4(228 352 353 229)
4(352 476 477 353)
4(105 229 230 106)
4(229 353 354 230)
4(353 477 478 354)
4(106 230 231 107)
4(230 354 355 231)
4(354 478 479 355)
4(107 231 232 108)
4(231 355 356 232)
4(355 479 480 356)
4(108 232 233 109)
4(232 356 357 233)
4(356 480 481 357)
4(109 233 234 110)
4(233 357 358 234)
4(357 481 482 358)
4(110 234 235 111)
4(234 358 359 235)
4(358 482 483 359)
4(111 235 236 112)
4(235 359 360 236)
4(359 483 484 360)
4(112 236 237 113)
4(236 360 361 237)
4(360 484 485 361)
4(113 237 238 114)
4(237 361 362 238)
4(361 485 486 362)
4(114 238 239 115)
4(238 362 363 239)
4(362 486 487 363)
4(115 239 240 116)
4(239 363 364 240)
4(363 487 488 364)
4(116 240 241 117)
4(240 364 365 241)
4(364 488 489 365)
4(117 241 242 118)
4(241 365 366 242)
4(365 489 490 366)
4(118 242 243 119)
4(242 366 367 243)
4(366 490 491 367)
4(119 243 244 120)
4(243 367 368 244)
4(367 491 492 368)
4(120 244 245 121)
4(244 368 369 245)
4(368 492 493 369)
4(121 245 246 122)
4(245 369 370 246)
4(369 493 494 370)
4(122 246 247 123)
4(246 370 371 247)
4(370 494 495 371)
4(0 1 125 124)
4(124 125 249 248)
4(248 249 373 372)
4(1 2 126 125)
4(125 126 250 249)
4(249 250 374 373)
4(2 3 127 126)
4(126 127 251 250)
4(250 251 375 374)
4(3 4 128 127)
4(127 128 252 251)
4(251 252 376 375)
4(4 5 129 128)
4(128 129 253 252)
4(252 253 377 376)
4(5 6 130 129)
4(129 130 254 253)
4(253 254 378 377)
4(6 7 131 130)
4(130 131 255 254)
4(254 255 379 378)
4(7 8 132 131)
4(131 132 256 255)
4(255 256 380 379)
4(8 9 133 132)
4(132 133 257 256)
4(256 257 381 380)
4(9 10 134 133)
4(133 134 258 257)
4(257 258 382 381)
4(10 11 135 134)
4(134 135 259 258)
4(258 259 383 382)
4(11 12 136 135)
4(135 136 260 259)
4(259 260 384 383)
4(12 13 137 136)
4(136 137 261 260)
4(260 261 385 384)
4(13 14 138 137)
4(137 138 262 261)
4(261 262 386 385)
4(14 15 139 138)
4(138 139 263 262)
4(262 263 387 386)
4(15 16 140 139)
4(139 140 264 263)
4(263 264 388 387)
4(16 17 141 140)
4(140 141 265 264)
4(264 265 389 388)
4(17 18 142 141)
4(141 142 266 265)
4(265 266 390 389)
4(18 19 143 142)
4(142 143 267 266)
4(266 267 391 390)
4(19 20 144 143)
4(143 144 268 267)
4(267 268 392 391)
4(20 21 145 144)
4(144 145 269 268)
4(268 269 393 392)
4(21 22 146 145)
4(145 146 270 269)
4(269 270 394 393)
4(22 23 147 146)
4(146 147 271 270)
4(270 271 395 394)
4(23 24 148 147)
4(147 148 272 271)
4(271 272 396 395)
4(24 25 149 148)
4(148 149 273 272)
4(272 273 397 396)
4(25 26 150 149)
4(149 150 274 273)
4(273 274 398 397)
4(26 27 151 150)
4(150 151 275 274)
4(274 275 399 398)
4(27 28 152 151)
4(151 152 276 275)
4(275 276 400 399)
4(28 29 153 152)
4(152 153 277 276)
4(276 277 401 400)
4(29 30 154 153)
4(153 154 278 277)
4(277 278 402 401)
4(0 31 32 1)
4(31 62 63 32)
4(62 93 94 63)
4(1 32 33 2)
4(32 63 64 33)
4(63 94 95 64)
4(2 33 34 3)
4(33 64 65 34)
4(64 95 96 65)
4(3 34 35 4)
4(34 65 66 35)
4(65 96 97 66)
4(4 35 36 5)
4(35 66 67 36)
4(66 97 98 67)
4(5 36 37 6)
4(36 67 68 37)
4(67 98 99 68)
4(6 37 38 7)
4(37 68 69 38)
4(68 99 100 69)
4(7 38 39 8)
4(38 69 70 39)
4(69 100 101 70)
4(8 39 40 9)
4(39 70 71 40)
4(70 101 102 71)
4(9 40 41 10)
4(40 71 72 41)
4(71 102 103 72)
4(10 41 42 11)
4(41 72 73 42)
4(72 103 104 73)
4(11 42 43 12)
4(42 73 74 43)
4(73 104 105 74)
4(12 43 44 13)
4(43 74 75 44)
4(74 105 106 75)
4(13 44 45 14)
4(44 75 76 45)
4(75 106 107 76)
4(14 45 46 15)
4(45 76 77 46)
4(76 107 108 77)
4(15 46 47 16)
4(46 77 78 47)
4(77 108 109 78)
4(16 47 48 17)
4(47 78 79 48)
4(78 109 110 79)
4(17 48 49 18)
4(48 79 80 49)
4(79 110 111 80)
4(18 49 50 19)
4(49 80 81 50)
4(80 111 112 81)
4(19 50 51 20)
4(50 81 82 51)
4(81 112 113 82)
4(20 51 52 21)
4(51 82 83 52)
4(82 113 114 83)
4(21 52 53 22)
4(52 83 84 53)
4(83 114 115 84)
4(22 53 54 23)
4(53 84 85 54)
4(84 115 116 85)
4(23 54 55 24)
4(54 85 86 55)
4(85 116 117 86)
4(24 55 56 25)
4(55 86 87 56)
4(86 117 118 87)
4(25 56 57 26)
4(56 87 88 57)
4(87 118 119 88)
4(26 57 58 27)
4(57 88 89 58)
4(88 119 120 89)
4(27 58 59 28)
4(58 89 90 59)
4(89 120 121 90)
4(28 59 60 29)
4(59 90 91 60)
4(90 121 122 91)
4(29 60 61 30)
4(60 91 92 61)
4(91 122 123 92)
4(372 373 404 403)
4(403 404 435 434)
4(434 435 466 465)
4(373 374 405 404)
4(404 405 436 435)
4(435 436 467 466)
4(374 375 406 405)
4(405 406 437 436)
4(436 437 468 467)
4(375 376 407 406)
4(406 407 438 437)
4(437 438 469 468)
4(376 377 408 407)
4(407 408 439 438)
4(438 439 470 469)
4(377 378 409 408)
4(408 409 440 439)
4(439 440 471 470)
4(378 379 410 409)
4(409 410 441 440)
4(440 441 472 471)
4(379 380 411 410)
4(410 411 442 441)
4(441 442 473 472)
4(380 381 412 411)
4(411 412 443 442)
4(442 443 474 473)
4(381 382 413 412)
4(412 413 444 443)
4(443 444 475 474)
4(382 383 414 413)
4(413 414 445 444)
4(444 445 476 475)
4(383 384 415 414)
4(414 415 446 445)
4(445 446 477 476)
4(384 385 416 415)
4(415 416 447 446)
4(446 447 478 477)
4(385 386 417 416)
4(416 417 448 447)
4(447 448 479 478)
4(386 387 418 417)
4(417 418 449 448)
4(448 449 480 479)
4(387 388 419 418)
4(418 419 450 449)
4(449 450 481 480)
4(388 389 420 419)
4(419 420 451 450)
4(450 451 482 481)
4(389 390 421 420)
4(420 421 452 451)
4(451 452 483 482)
4(390 391 422 421)
4(421 422 453 452)
4(452 453 484 483)
4(391 392 423 422)
4(422 423 454 453)
4(453 454 485 484)
4(392 393 424 423)
4(423 424 455 454)
4(454 455 486 485)
4(393 394 425 424)
4(424 425 456 455)
4(455 456 487 486)
4(394 395 426 425)
4(425 426 457 456)
4(456 457 488 487)
4(395 396 427 426)
4(426 427 458 457)
4(457 458 489 488)
4(396 397 428 427)
4(427 428 459 458)
4(458 459 490 489)
4(397 398 429 428)
4(428 429 460 459)
4(459 460 491 490)
4(398 399 430 429)
4(429 430 461 460)
4(460 461 492 491)
4(399 400 431 430)
4(430 431 462 461)
4(461 462 493 492)
4(400 401 432 431)
4(431 432 463 462)
4(462 463 494 493)
4(401 402 433 432)
4(432 433 464 463)
4(463 464 495 494)
)


// ************************************************************************* //
