/*--------------------------------*- C++ -*----------------------------------*\
| =========                 |                                                 |
| \\      /  F ield         | OpenFOAM: The Open Source CFD Toolbox           |
|  \\    /   O peration     | Version:  5.x                                   |
|   \\  /    A nd           | Web:      www.OpenFOAM.org                      |
|    \\/     M anipulation  |                                                 |
\*---------------------------------------------------------------------------*/
FoamFile
{
    version     2.0;
    format      ascii;
    class       labelList;
    note        "nPoints: 496 nCells: 270 nFaces: 999 nInternalFaces: 621";
    location    "constant/polyMesh";
    object      neighbour;
}
// * * * * * * * * * * * * * * * * * * * * * * * * * * * * * * * * * * * * * //


621
(
1
30
90
2
31
91
3
32
92
4
33
93
5
34
94
6
35
95
7
36
96
8
37
97
9
38
98
10
39
99
11
40
100
12
41
101
13
42
102
14
43
103
15
44
104
16
45
105
17
46
106
18
47
107
19
48
108
20
49
109
21
50
110
22
51
111
23
52
112
24
53
113
25
54
114
26
55
115
27
56
116
28
57
117
29
58
118
59
119
31
60
120
32
61
121
33
62
122
34
63
123
35
64
124
36
65
125
37
66
126
38
67
127
39
68
128
40
69
129
41
70
130
42
71
131
43
72
132
44
73
133
45
74
134
46
75
135
47
76
136
48
77
137
49
78
138
50
79
139
51
80
140
52
81
141
53
82
142
54
83
143
55
84
144
56
85
145
57
86
146
58
87
147
59
88
148
89
149
61
150
62
151
63
152
64
153
65
154
66
155
67
156
68
157
69
158
70
159
71
160
72
161
73
162
74
163
75
164
76
165
77
166
78
167
79
168
80
169
81
170
82
171
83
172
84
173
85
174
86
175
87
176
88
177
89
178
179
91
120
180
92
121
181
93
122
182
94
123
183
95
124
184
96
125
185
97
126
186
98
127
187
99
128
188
100
129
189
101
130
190
102
131
191
103
132
192
104
133
193
105
134
194
106
135
195
107
136
196
108
137
197
109
138
198
110
139
199
111
140
200
112
141
201
113
142
202
114
143
203
115
144
204
116
145
205
117
146
206
118
147
207
119
148
208
149
209
121
150
210
122
151
211
123
152
212
124
153
213
125
154
214
126
155
215
127
156
216
128
157
217
129
158
218
130
159
219
131
160
220
132
161
221
133
162
222
134
163
223
135
164
224
136
165
225
137
166
226
138
167
227
139
168
228
140
169
229
141
170
230
142
171
231
143
172
232
144
173
233
145
174
234
146
175
235
147
176
236
148
177
237
149
178
238
179
239
151
240
152
241
153
242
154
243
155
244
156
245
157
246
158
247
159
248
160
249
161
250
162
251
163
252
164
253
165
254
166
255
167
256
168
257
169
258
170
259
171
260
172
261
173
262
174
263
175
264
176
265
177
266
178
267
179
268
269
181
210
182
211
183
212
184
213
185
214
186
215
187
216
188
217
189
218
190
219
191
220
192
221
193
222
194
223
195
224
196
225
197
226
198
227
199
228
200
229
201
230
202
231
203
232
204
233
205
234
206
235
207
236
208
237
209
238
239
211
240
212
241
213
242
214
243
215
244
216
245
217
246
218
247
219
248
220
249
221
250
222
251
223
252
224
253
225
254
226
255
227
256
228
257
229
258
230
259
231
260
232
261
233
262
234
263
235
264
236
265
237
266
238
267
239
268
269
241
242
243
244
245
246
247
248
249
250
251
252
253
254
255
256
257
258
259
260
261
262
263
264
265
266
267
268
269
)


// ************************************************************************* //
