/*--------------------------------*- C++ -*----------------------------------*\
| =========                 |                                                 |
| \\      /  F ield         | OpenFOAM: The Open Source CFD Toolbox           |
|  \\    /   O peration     | Version:  5.x                                   |
|   \\  /    A nd           | Web:      www.OpenFOAM.org                      |
|    \\/     M anipulation  |                                                 |
\*---------------------------------------------------------------------------*/
FoamFile
{
    version     2.0;
    format      ascii;
    class       vectorField;
    location    "constant/polyMesh";
    object      points;
}
// * * * * * * * * * * * * * * * * * * * * * * * * * * * * * * * * * * * * * //


496
(
(0 0 0)
(0.3333333333 0 0)
(0.6666666667 0 0)
(1 0 0)
(1.333333333 0 0)
(1.666666667 0 0)
(2 0 0)
(2.333333333 0 0)
(2.666666667 0 0)
(3 0 0)
(3.333333333 0 0)
(3.666666667 0 0)
(4 0 0)
(4.333333333 0 0)
(4.666666667 0 0)
(5 0 0)
(5.333333333 0 0)
(5.666666667 0 0)
(6 0 0)
(6.333333333 0 0)
(6.666666667 0 0)
(7 0 0)
(7.333333333 0 0)
(7.666666667 0 0)
(8 0 0)
(8.333333333 0 0)
(8.666666667 0 0)
(9 0 0)
(9.333333333 0 0)
(9.666666667 0 0)
(10 0 0)
(0 0.3333333333 0)
(0.3333333333 0.3333333333 0)
(0.6666666667 0.3333333333 0)
(1 0.3333333333 0)
(1.333333333 0.3333333333 0)
(1.666666667 0.3333333333 0)
(2 0.3333333333 0)
(2.333333333 0.3333333333 0)
(2.666666667 0.3333333333 0)
(3 0.3333333333 0)
(3.333333333 0.3333333333 0)
(3.666666667 0.3333333333 0)
(4 0.3333333333 0)
(4.333333333 0.3333333333 0)
(4.666666667 0.3333333333 0)
(5 0.3333333333 0)
(5.333333333 0.3333333333 0)
(5.666666667 0.3333333333 0)
(6 0.3333333333 0)
(6.333333333 0.3333333333 0)
(6.666666667 0.3333333333 0)
(7 0.3333333333 0)
(7.333333333 0.3333333333 0)
(7.666666667 0.3333333333 0)
(8 0.3333333333 0)
(8.333333333 0.3333333333 0)
(8.666666667 0.3333333333 0)
(9 0.3333333333 0)
(9.333333333 0.3333333333 0)
(9.666666667 0.3333333333 0)
(10 0.3333333333 0)
(0 0.6666666667 0)
(0.3333333333 0.6666666667 0)
(0.6666666667 0.6666666667 0)
(1 0.6666666667 0)
(1.333333333 0.6666666667 0)
(1.666666667 0.6666666667 0)
(2 0.6666666667 0)
(2.333333333 0.6666666667 0)
(2.666666667 0.6666666667 0)
(3 0.6666666667 0)
(3.333333333 0.6666666667 0)
(3.666666667 0.6666666667 0)
(4 0.6666666667 0)
(4.333333333 0.6666666667 0)
(4.666666667 0.6666666667 0)
(5 0.6666666667 0)
(5.333333333 0.6666666667 0)
(5.666666667 0.6666666667 0)
(6 0.6666666667 0)
(6.333333333 0.6666666667 0)
(6.666666667 0.6666666667 0)
(7 0.6666666667 0)
(7.333333333 0.6666666667 0)
(7.666666667 0.6666666667 0)
(8 0.6666666667 0)
(8.333333333 0.6666666667 0)
(8.666666667 0.6666666667 0)
(9 0.6666666667 0)
(9.333333333 0.6666666667 0)
(9.666666667 0.6666666667 0)
(10 0.6666666667 0)
(0 1 0)
(0.3333333333 1 0)
(0.6666666667 1 0)
(1 1 0)
(1.333333333 1 0)
(1.666666667 1 0)
(2 1 0)
(2.333333333 1 0)
(2.666666667 1 0)
(3 1 0)
(3.333333333 1 0)
(3.666666667 1 0)
(4 1 0)
(4.333333333 1 0)
(4.666666667 1 0)
(5 1 0)
(5.333333333 1 0)
(5.666666667 1 0)
(6 1 0)
(6.333333333 1 0)
(6.666666667 1 0)
(7 1 0)
(7.333333333 1 0)
(7.666666667 1 0)
(8 1 0)
(8.333333333 1 0)
(8.666666667 1 0)
(9 1 0)
(9.333333333 1 0)
(9.666666667 1 0)
(10 1 0)
(0 0 0.3333333333)
(0.3333333333 0 0.3333333333)
(0.6666666667 0 0.3333333333)
(1 0 0.3333333333)
(1.333333333 0 0.3333333333)
(1.666666667 0 0.3333333333)
(2 0 0.3333333333)
(2.333333333 0 0.3333333333)
(2.666666667 0 0.3333333333)
(3 0 0.3333333333)
(3.333333333 0 0.3333333333)
(3.666666667 0 0.3333333333)
(4 0 0.3333333333)
(4.333333333 0 0.3333333333)
(4.666666667 0 0.3333333333)
(5 0 0.3333333333)
(5.333333333 0 0.3333333333)
(5.666666667 0 0.3333333333)
(6 0 0.3333333333)
(6.333333333 0 0.3333333333)
(6.666666667 0 0.3333333333)
(7 0 0.3333333333)
(7.333333333 0 0.3333333333)
(7.666666667 0 0.3333333333)
(8 0 0.3333333333)
(8.333333333 0 0.3333333333)
(8.666666667 0 0.3333333333)
(9 0 0.3333333333)
(9.333333333 0 0.3333333333)
(9.666666667 0 0.3333333333)
(10 0 0.3333333333)
(0 0.3333333333 0.3333333333)
(0.3333333333 0.3333333333 0.3333333333)
(0.6666666667 0.3333333333 0.3333333333)
(1 0.3333333333 0.3333333333)
(1.333333333 0.3333333333 0.3333333333)
(1.666666667 0.3333333333 0.3333333333)
(2 0.3333333333 0.3333333333)
(2.333333333 0.3333333333 0.3333333333)
(2.666666667 0.3333333333 0.3333333333)
(3 0.3333333333 0.3333333333)
(3.333333333 0.3333333333 0.3333333333)
(3.666666667 0.3333333333 0.3333333333)
(4 0.3333333333 0.3333333333)
(4.333333333 0.3333333333 0.3333333333)
(4.666666667 0.3333333333 0.3333333333)
(5 0.3333333333 0.3333333333)
(5.333333333 0.3333333333 0.3333333333)
(5.666666667 0.3333333333 0.3333333333)
(6 0.3333333333 0.3333333333)
(6.333333333 0.3333333333 0.3333333333)
(6.666666667 0.3333333333 0.3333333333)
(7 0.3333333333 0.3333333333)
(7.333333333 0.3333333333 0.3333333333)
(7.666666667 0.3333333333 0.3333333333)
(8 0.3333333333 0.3333333333)
(8.333333333 0.3333333333 0.3333333333)
(8.666666667 0.3333333333 0.3333333333)
(9 0.3333333333 0.3333333333)
(9.333333333 0.3333333333 0.3333333333)
(9.666666667 0.3333333333 0.3333333333)
(10 0.3333333333 0.3333333333)
(0 0.6666666667 0.3333333333)
(0.3333333333 0.6666666667 0.3333333333)
(0.6666666667 0.6666666667 0.3333333333)
(1 0.6666666667 0.3333333333)
(1.333333333 0.6666666667 0.3333333333)
(1.666666667 0.6666666667 0.3333333333)
(2 0.6666666667 0.3333333333)
(2.333333333 0.6666666667 0.3333333333)
(2.666666667 0.6666666667 0.3333333333)
(3 0.6666666667 0.3333333333)
(3.333333333 0.6666666667 0.3333333333)
(3.666666667 0.6666666667 0.3333333333)
(4 0.6666666667 0.3333333333)
(4.333333333 0.6666666667 0.3333333333)
(4.666666667 0.6666666667 0.3333333333)
(5 0.6666666667 0.3333333333)
(5.333333333 0.6666666667 0.3333333333)
(5.666666667 0.6666666667 0.3333333333)
(6 0.6666666667 0.3333333333)
(6.333333333 0.6666666667 0.3333333333)
(6.666666667 0.6666666667 0.3333333333)
(7 0.6666666667 0.3333333333)
(7.333333333 0.6666666667 0.3333333333)
(7.666666667 0.6666666667 0.3333333333)
(8 0.6666666667 0.3333333333)
(8.333333333 0.6666666667 0.3333333333)
(8.666666667 0.6666666667 0.3333333333)
(9 0.6666666667 0.3333333333)
(9.333333333 0.6666666667 0.3333333333)
(9.666666667 0.6666666667 0.3333333333)
(10 0.6666666667 0.3333333333)
(0 1 0.3333333333)
(0.3333333333 1 0.3333333333)
(0.6666666667 1 0.3333333333)
(1 1 0.3333333333)
(1.333333333 1 0.3333333333)
(1.666666667 1 0.3333333333)
(2 1 0.3333333333)
(2.333333333 1 0.3333333333)
(2.666666667 1 0.3333333333)
(3 1 0.3333333333)
(3.333333333 1 0.3333333333)
(3.666666667 1 0.3333333333)
(4 1 0.3333333333)
(4.333333333 1 0.3333333333)
(4.666666667 1 0.3333333333)
(5 1 0.3333333333)
(5.333333333 1 0.3333333333)
(5.666666667 1 0.3333333333)
(6 1 0.3333333333)
(6.333333333 1 0.3333333333)
(6.666666667 1 0.3333333333)
(7 1 0.3333333333)
(7.333333333 1 0.3333333333)
(7.666666667 1 0.3333333333)
(8 1 0.3333333333)
(8.333333333 1 0.3333333333)
(8.666666667 1 0.3333333333)
(9 1 0.3333333333)
(9.333333333 1 0.3333333333)
(9.666666667 1 0.3333333333)
(10 1 0.3333333333)
(0 0 0.6666666667)
(0.3333333333 0 0.6666666667)
(0.6666666667 0 0.6666666667)
(1 0 0.6666666667)
(1.333333333 0 0.6666666667)
(1.666666667 0 0.6666666667)
(2 0 0.6666666667)
(2.333333333 0 0.6666666667)
(2.666666667 0 0.6666666667)
(3 0 0.6666666667)
(3.333333333 0 0.6666666667)
(3.666666667 0 0.6666666667)
(4 0 0.6666666667)
(4.333333333 0 0.6666666667)
(4.666666667 0 0.6666666667)
(5 0 0.6666666667)
(5.333333333 0 0.6666666667)
(5.666666667 0 0.6666666667)
(6 0 0.6666666667)
(6.333333333 0 0.6666666667)
(6.666666667 0 0.6666666667)
(7 0 0.6666666667)
(7.333333333 0 0.6666666667)
(7.666666667 0 0.6666666667)
(8 0 0.6666666667)
(8.333333333 0 0.6666666667)
(8.666666667 0 0.6666666667)
(9 0 0.6666666667)
(9.333333333 0 0.6666666667)
(9.666666667 0 0.6666666667)
(10 0 0.6666666667)
(0 0.3333333333 0.6666666667)
(0.3333333333 0.3333333333 0.6666666667)
(0.6666666667 0.3333333333 0.6666666667)
(1 0.3333333333 0.6666666667)
(1.333333333 0.3333333333 0.6666666667)
(1.666666667 0.3333333333 0.6666666667)
(2 0.3333333333 0.6666666667)
(2.333333333 0.3333333333 0.6666666667)
(2.666666667 0.3333333333 0.6666666667)
(3 0.3333333333 0.6666666667)
(3.333333333 0.3333333333 0.6666666667)
(3.666666667 0.3333333333 0.6666666667)
(4 0.3333333333 0.6666666667)
(4.333333333 0.3333333333 0.6666666667)
(4.666666667 0.3333333333 0.6666666667)
(5 0.3333333333 0.6666666667)
(5.333333333 0.3333333333 0.6666666667)
(5.666666667 0.3333333333 0.6666666667)
(6 0.3333333333 0.6666666667)
(6.333333333 0.3333333333 0.6666666667)
(6.666666667 0.3333333333 0.6666666667)
(7 0.3333333333 0.6666666667)
(7.333333333 0.3333333333 0.6666666667)
(7.666666667 0.3333333333 0.6666666667)
(8 0.3333333333 0.6666666667)
(8.333333333 0.3333333333 0.6666666667)
(8.666666667 0.3333333333 0.6666666667)
(9 0.3333333333 0.6666666667)
(9.333333333 0.3333333333 0.6666666667)
(9.666666667 0.3333333333 0.6666666667)
(10 0.3333333333 0.6666666667)
(0 0.6666666667 0.6666666667)
(0.3333333333 0.6666666667 0.6666666667)
(0.6666666667 0.6666666667 0.6666666667)
(1 0.6666666667 0.6666666667)
(1.333333333 0.6666666667 0.6666666667)
(1.666666667 0.6666666667 0.6666666667)
(2 0.6666666667 0.6666666667)
(2.333333333 0.6666666667 0.6666666667)
(2.666666667 0.6666666667 0.6666666667)
(3 0.6666666667 0.6666666667)
(3.333333333 0.6666666667 0.6666666667)
(3.666666667 0.6666666667 0.6666666667)
(4 0.6666666667 0.6666666667)
(4.333333333 0.6666666667 0.6666666667)
(4.666666667 0.6666666667 0.6666666667)
(5 0.6666666667 0.6666666667)
(5.333333333 0.6666666667 0.6666666667)
(5.666666667 0.6666666667 0.6666666667)
(6 0.6666666667 0.6666666667)
(6.333333333 0.6666666667 0.6666666667)
(6.666666667 0.6666666667 0.6666666667)
(7 0.6666666667 0.6666666667)
(7.333333333 0.6666666667 0.6666666667)
(7.666666667 0.6666666667 0.6666666667)
(8 0.6666666667 0.6666666667)
(8.333333333 0.6666666667 0.6666666667)
(8.666666667 0.6666666667 0.6666666667)
(9 0.6666666667 0.6666666667)
(9.333333333 0.6666666667 0.6666666667)
(9.666666667 0.6666666667 0.6666666667)
(10 0.6666666667 0.6666666667)
(0 1 0.6666666667)
(0.3333333333 1 0.6666666667)
(0.6666666667 1 0.6666666667)
(1 1 0.6666666667)
(1.333333333 1 0.6666666667)
(1.666666667 1 0.6666666667)
(2 1 0.6666666667)
(2.333333333 1 0.6666666667)
(2.666666667 1 0.6666666667)
(3 1 0.6666666667)
(3.333333333 1 0.6666666667)
(3.666666667 1 0.6666666667)
(4 1 0.6666666667)
(4.333333333 1 0.6666666667)
(4.666666667 1 0.6666666667)
(5 1 0.6666666667)
(5.333333333 1 0.6666666667)
(5.666666667 1 0.6666666667)
(6 1 0.6666666667)
(6.333333333 1 0.6666666667)
(6.666666667 1 0.6666666667)
(7 1 0.6666666667)
(7.333333333 1 0.6666666667)
(7.666666667 1 0.6666666667)
(8 1 0.6666666667)
(8.333333333 1 0.6666666667)
(8.666666667 1 0.6666666667)
(9 1 0.6666666667)
(9.333333333 1 0.6666666667)
(9.666666667 1 0.6666666667)
(10 1 0.6666666667)
(0 0 1)
(0.3333333333 0 1)
(0.6666666667 0 1)
(1 0 1)
(1.333333333 0 1)
(1.666666667 0 1)
(2 0 1)
(2.333333333 0 1)
(2.666666667 0 1)
(3 0 1)
(3.333333333 0 1)
(3.666666667 0 1)
(4 0 1)
(4.333333333 0 1)
(4.666666667 0 1)
(5 0 1)
(5.333333333 0 1)
(5.666666667 0 1)
(6 0 1)
(6.333333333 0 1)
(6.666666667 0 1)
(7 0 1)
(7.333333333 0 1)
(7.666666667 0 1)
(8 0 1)
(8.333333333 0 1)
(8.666666667 0 1)
(9 0 1)
(9.333333333 0 1)
(9.666666667 0 1)
(10 0 1)
(0 0.3333333333 1)
(0.3333333333 0.3333333333 1)
(0.6666666667 0.3333333333 1)
(1 0.3333333333 1)
(1.333333333 0.3333333333 1)
(1.666666667 0.3333333333 1)
(2 0.3333333333 1)
(2.333333333 0.3333333333 1)
(2.666666667 0.3333333333 1)
(3 0.3333333333 1)
(3.333333333 0.3333333333 1)
(3.666666667 0.3333333333 1)
(4 0.3333333333 1)
(4.333333333 0.3333333333 1)
(4.666666667 0.3333333333 1)
(5 0.3333333333 1)
(5.333333333 0.3333333333 1)
(5.666666667 0.3333333333 1)
(6 0.3333333333 1)
(6.333333333 0.3333333333 1)
(6.666666667 0.3333333333 1)
(7 0.3333333333 1)
(7.333333333 0.3333333333 1)
(7.666666667 0.3333333333 1)
(8 0.3333333333 1)
(8.333333333 0.3333333333 1)
(8.666666667 0.3333333333 1)
(9 0.3333333333 1)
(9.333333333 0.3333333333 1)
(9.666666667 0.3333333333 1)
(10 0.3333333333 1)
(0 0.6666666667 1)
(0.3333333333 0.6666666667 1)
(0.6666666667 0.6666666667 1)
(1 0.6666666667 1)
(1.333333333 0.6666666667 1)
(1.666666667 0.6666666667 1)
(2 0.6666666667 1)
(2.333333333 0.6666666667 1)
(2.666666667 0.6666666667 1)
(3 0.6666666667 1)
(3.333333333 0.6666666667 1)
(3.666666667 0.6666666667 1)
(4 0.6666666667 1)
(4.333333333 0.6666666667 1)
(4.666666667 0.6666666667 1)
(5 0.6666666667 1)
(5.333333333 0.6666666667 1)
(5.666666667 0.6666666667 1)
(6 0.6666666667 1)
(6.333333333 0.6666666667 1)
(6.666666667 0.6666666667 1)
(7 0.6666666667 1)
(7.333333333 0.6666666667 1)
(7.666666667 0.6666666667 1)
(8 0.6666666667 1)
(8.333333333 0.6666666667 1)
(8.666666667 0.6666666667 1)
(9 0.6666666667 1)
(9.333333333 0.6666666667 1)
(9.666666667 0.6666666667 1)
(10 0.6666666667 1)
(0 1 1)
(0.3333333333 1 1)
(0.6666666667 1 1)
(1 1 1)
(1.333333333 1 1)
(1.666666667 1 1)
(2 1 1)
(2.333333333 1 1)
(2.666666667 1 1)
(3 1 1)
(3.333333333 1 1)
(3.666666667 1 1)
(4 1 1)
(4.333333333 1 1)
(4.666666667 1 1)
(5 1 1)
(5.333333333 1 1)
(5.666666667 1 1)
(6 1 1)
(6.333333333 1 1)
(6.666666667 1 1)
(7 1 1)
(7.333333333 1 1)
(7.666666667 1 1)
(8 1 1)
(8.333333333 1 1)
(8.666666667 1 1)
(9 1 1)
(9.333333333 1 1)
(9.666666667 1 1)
(10 1 1)
)


// ************************************************************************* //
